 114 143
 
      0    -2897886    4325289
      1    -2889405    4325406
      2    -2900227    4325256
      3    -2899715    4325264
      4    -2904134    4325203
      5    -2899774    4325262
      6    -2899715    4325263
      7    -2905471    4325183
      8    -2907749    4325152
      9    -2907011    4325162
     10    -2911314    4325102
     11    -2915541    4325044
     12    -2890729    4325388
     13    -2889386    4325407
     14    -2891981    4325371
     15    -2882240    4325505
     16    -2875436    4325598
     17    -2908418    4325144
     18    -2910258    4325119
     19    -2912730    4325084
     20    -2904965    4325191
     21    -2911048    4325107  
     22    -2915465    4325045
     23    -2917230    4325022
     24    -2919807    4324986
     25    -2922180    4324953
     26    -2921452    4324963
     27    -2921198    4324966
     28    -2924278    4324923
     29    -2925481    4324907
     30    -2926613    4324891
     31    -2928239    4324868
     32    -2921546    4324960
     33    -2920299    4324977
     34    -2916391    4325031
     35    -2915024    4325051
     36    -2919006    4324996
     37    -2928473    4324866
     38    -2930706    4324835
     39    -2927042    4324886
     40    -2921638    4324961
     41    -2917422    4325019
     42    -2928844    4324861
     43    -2931369    4324827
     44    -2927529    4324880
     45    -2931387    4324827
     46    -2935122    4324775
     47    -2935965    4324763
     48    -2934498    4324784
     49    -2932207    4324816
     50    -2932863    4324808
     51    -2933115    4324805
     52    -2943684    4324657
     53    -2943336    4324661
     54    -2944914    4324639
     55    -2942386    4324674
     56    -2944496    4324644
     57    -2954110    4324512
     58    -2923553    4324933
     59    -2923368    4324935
     60    -2930652    4324835
     61    -2930489    4324837
     62    -2925528    4324907
     63    -2932737    4324807
     64    -2932764    4324807
     65    -2933451    4324798
     66    -2940708    4324697
     67    -2942451    4324674
     68    -2951287    4324551
     69    -2940651    4324697
     70    -2939489    4324713
     71    -2947408    4324603
     72    -2951110    4324552
     73    -2951197    4324553
     74    -2951165    4324554
     75    -2929109    4324860
     76    -2927421    4324883
     77    -2902576    4325226
     78    -289506     4325330
     79    -2893049    4325356
     80    -2887898    4325427
     81    -2894992    4325329
     82    -2895630    4325321
     83    -2908954    4325136
     84    -2909923    4325122
     85    -2913714    4325070
     86    -2911718    4325097
     87    -2900196    4325256
     88    -2904114    4325202
     89    -2901209    4325244
     90    -2914606    4325059
     91    2941755     4324684
     92    -2958360    4324454
     93    -2957989    4324458
     94    -2932964    4324806
     95    -2933510    4324798
     96    -2934090    4324791
     97    -2932181    4324815
     98    -2934852    4324777
     99    -2915037    4325052
     100    -2913980    4325066
     101   -2906838    4325165                     
     102   -2878296    4325559
     103   -2874015    4325616
     104   -2887005    4325439
     105   -2887875    4325428
     106   -2902691    4325222
     107   -2887603    4325430
     108  -2947696     4324510
     109  -2928155     4324873
     110  -2936684     4324755
     111  -2921652     4324959
     112  -2912748     4325082
     113  -2917139     4325021


	 

    12     81
    81     3
    3      81
    12     81
    81     17 
    81     4
    4      81
    17     99
    17     41
    41     19
    17     85
    85     84
    84     20
    13     14
    14     12
    13     12
    40     62
    62     3
    21     83
    83     88
    23     90
    90     88
    88     106
    106    5
    2      5
    5      6
    5      88
    0      2
    2      88     
    27     58
    58     26
    25     62
    62     26
    26     58
    58     27
    58     25
    28     58
    58     59
    59     27
    59     29
    39     59
    27     26
    85     11
    11     99
    99     23
    24     99
    99     62
    62     25
    39     99
    85     41
    41     85
    85     11
    59     58
    70     46
    60     46
    61     60
    61     46
    60     70
    60     31
    58     31
    32     58
    33     58
    33     32
    34     35
    34     86
    86     85
    86     60
    86     61
    86     58
    59     86
    91     52
    67     52
    44     45
    44     67
    67     45
    67     75
    16     102
    102    15
    15     105
    105    13
    13     14
    14     79
    12     14
    12     13
    16     103
    102    1
    102    5
    102    6
    102    16
    102    107
    107    86
    86     10
    58     107
    6      107
    107    102
    86     88
    88     21
    88     20
    80     81
    81     12
    12     80
    104    80
    1      107
    107    16
    46     60
    46     98
    98     47
    108    56
    108    57
    73     57
    54     73
    73     74
    68     93
    67     54
    67     55
    67     53
    52     91
    91     49
    92     93
    92     57
    106    9
    106    6
    5      106
    109    49
    109    50
    50     94
    95     50
    51     94
    51     95
    49     94
    49     95
    90     109
    110    51
    110    50
    110    109
    36     111
    111    112
    112    35
    113    35
    113    36
    113    32
    113    33
    113    34
    
    