 108 64
      0    77.02115277777777    38.92448611111111
      1    77.02111666666667    38.92553888888889
      2    77.0209611111111     38.92419444444444
      3    77.02219166666667    38.92426388888889
      4    77.02194444444444    38.923713888888884
      5    77.02021388888889    38.92424722222222
      6    77.01923611111111    38.92425
      7    77.01887222222223    38.92353333333333
      8    77.01878333333333    38.923249999999996
      9    77.01937222222222    38.92334444444444
     10    77.01905277777777    38.92280833333333
     11    77.01969722222222    38.922286111111106
     12    77.02181388888889    38.925377777777776
     13    77.0224              38.92554722222222
     14    77.02238055555556    38.925225
     15    77.02224444444444    38.92643333333333
     16    77.02110555555555    38.92727222222222
     17    77.02171388888888    38.923180555555554
     18    77.02187222222223    38.92295277777777
     19    77.02163888888889    38.922644444444444
     20    77.02085             38.923605555555554
     21    77.02088888888889    38.92285
     22    77.01888055555555    38.922291666666666
     23    77.02063611111112    38.92208055555555
     24    77.02080555555555    38.92176111111111
	 25    77.02034166666667    38.92146388888889
	 26    77.01940555555555    38.921549999999996
	 27    77.01860833333333    38.92157777777778
	 28    77.01850833333333    38.921194444444446
	 29    77.01958888888889    38.92105
	 30    77.01880833333333    38.92090555555556
	 31    77.01751388888889    38.92069722222222
	 32    77.01777222222222    38.921530555555556
	 33    77.01729444444445    38.921683333333334
	 34    77.01736944444444    38.92216944444444
	 35    77.01785             38.92234166666666
	 36    77.01797222222223    38.92184722222222
	 37    77.01955555555556    38.920677777777776
	 38    77.02013611111111    38.920402777777774
	 39    77.0207              38.92086111111111
	 40    77.02137777777777    38.92153611111111
	 41    77.02157222222222    38.922061111111105
	 42    77.02109166666666    38.92063888888889
	 43    77.02110277777777    38.920325
	 44    77.02174722222222    38.92080555555555
	 45    77.02158888888889    38.920325
	 46    77.02173611111111    38.91986111111111
	 47    77.0204              38.91975
	 48    77.02175277777778    38.919938888888886
	 49    77.02375277777777    38.92023333333333
	 50    77.02456111111111    38.92015555555555
	 51    77.02650277777778    38.92013333333333
	 52    77.02257222222222    38.9188
	 53    77.02165555555555    38.918838888888885
	 54    77.02088333333333    38.918638888888886
	 55    77.02014722222222    38.918949999999995
	 56    77.01929166666666    38.918683333333334//
	 57    77.02034166666667    38.91749166666666
	 58    77.01825833333334    38.92128333333333
	 59    77.01807777777778    38.921305555555556//
	 60    77.01812777777778    38.9204
	 61    77.01794722222222    38.92041944444444
	 62    77.02083055555555    38.92105
	 63    77.02066388888889    38.92015277777777
	 64    77.02080833333333    38.92015
	 65    77.02182222222223    38.920069444444444
	 66    77.02065277777778    38.91916111111111
	 67    77.02184722222222    38.918949999999995
	 68    77.021775            38.917849999999994
	 69    77.01916388888888    38.91916111111111
	 70    77.01796388888889    38.9193 
	 71    77.01780555555555    38.91831388888889
	 72    77.01775277777777    38.917852777777775
	 73    77.02291944444444    38.91786666666666
	 74    77.02384444444445    38.917874999999995
	 75    77.02512222222222    38.920625
	 76    77.02420277777777    38.920830555555554
	 77    77.0245361111111     38.923919444444444
	 78    77.02554722222222    38.92485555555555
	 79    77.02223333333333    38.92509166666667
	 80    77.02269444444444    38.92573333333333
	 81    77.02151944444444    38.92484722222222
	 82    77.02244166666667    38.92477222222222
	 83    77.02049722222222    38.92310833333333
	 84    77.02011666666667    38.92298611111111
	 85    77.02103888888888    38.92251944444444
	 86    77.01851388888889    38.922755555555554
	 87    77.01953888888889    38.924191666666665
	 88    77.02022222222222    38.92370833333333
	 89    77.02266666666667    38.924080555555555
	 90    77.022175            38.92241388888888
	 91    77.022925            38.919041666666665
	 92    77.0217611111111     38.91696944444444
	 93    77.02084444444445    38.91701111111111
	 94    77.02310833333333    38.920136111111105
	 95    77.023975            38.92007222222222
	 96    77.02511111111112    38.920005555555555
	 97    77.02016111111111    38.92021944444444
	 98    77.01932222222221    38.91988333333333
	 99    77.02116666666666    38.922355555555555
	 100   77.02038888888889    38.92248333333333
	 101   77.02130555555556    38.923375
	 102   -77.02032777777778   38.92691388888888
	 103   -77.01781111111111   38.92743333333333
	 104   -77.02156388888889  38.92583888888888
	 105   -77.02268333333333   38.92573611111111
	 106   -77.01967777777777   38.9238825
	 
	 

    16     1
    15    13
    13    14
    12    15
    12    9
    0     2
    2     5
    6     7
    9     7
    7     8
    8     10
    8     10
    11    23
    23    21
    34    33
    35    36
    32    34
    31    33
    31    35
    31    34
    31    36
    27    22
    11    26
    23    29
    28    37
    28    30
    31    28
    37    39
    38    39
    44    45
    42    43
    40    39
    46    30
    46    37
    47    46
    55    56
    54    55
    57    55
    48    53
    52    49
    52    50
    51    49
    51    50
    51    52
    51    53
    52    53
    52    54
    52    57
    3     41
    17    18
    17    19
    17    12
    21    30
    58    59
    60    61
    63    64
    67    68
    73    74
    75    76
    76    78
    84    85
    84    86
    94    95
    99    101
    
    